4.8451
4.8636
4.9099
4.8636
4.9099
4.8173
4.6783
4.7339
4.632
4.7617
4.6875
4.632
4.5856
4.6227
4.6969
4.7988
4.8543
4.7895
4.7432
4.8265
4.8821
4.9562
4.8636
4.8173
4.8636
4.8636
4.8543
4.7339
4.8265
4.9284
4.9284
4.7895
4.8914
4.947
4.9377
4.9562
4.984
5.0674
5.0118
4.8914
4.9099
4.9655
4.947
5.0026
4.984
4.9655
5.0118
5.0211
5.0026
5.0303
5.0118
4.9007
4.9747
4.9377
5.0026
5.1785
5.1416
5.2249
5.1971
5.1416
5.0674
4.9933
4.7895
4.8451
4.7339
4.6969
4.7154
4.7802
4.7709
4.8358
4.7617
4.7246
4.6969
4.6969
4.7246
4.6875
4.6413
4.6598
4.6783
4.6969
4.6783
4.6783
4.6505
4.6969
4.6598
4.6969
4.7339
4.7617
4.7246
4.7061
4.7061
4.595
4.6135
4.6905
4.8639
4.8831
4.9795
4.9891
5.0276
5.0372
5.0372
5.0565
5.0084
4.9313
4.8639
4.8061
4.8831
4.9024
4.9987
5.018
5.0372
5.0372
5.0661
5.0372
4.9409
5.0084
5.0084
5.1528
5.1528
5.1336
5.0661
5.1528
5.0661
5.0758
5.1239
5.0854
5.0565
5.1721
5.1528
4.9506
4.9795
4.8831
4.8639
4.912
5.0084
4.8928
4.9024
4.9698
4.9024
4.9409
5.018
5.0469
4.9891
5.1239
5.1528
5.1625
5.1528
5.1721
5.1143
4.9795
5.0661
5.0372
5.095
5.0565
5.1047
5.0565
5.095
5.0084
5.1047
5.1239
5.1143
5.1336
5.2588
5.1432
5.2299
5.1528
5.0084
5.0758
4.9602
4.9891
5.0758
5.2106
5.2395
5.0758
5.1047
5.1432
5.0372
4.9698
4.9506
4.9217
4.7772
4.7001
4.7676
4.8157
4.729
4.7965
4.7483
4.7868
4.8639
4.8543
4.7965
4.9313
4.9024
4.8735
4.9506
5.095
4.912
4.8157
4.8543
4.7001
4.6905
4.7676
4.8254
4.8254
4.8061
4.8157
4.7868
4.8157
4.8157
4.8061
4.8639
4.7676
4.835
4.8831
4.7965
4.8061
4.7772
4.835
4.7194
4.7001
4.7001
4.6231
4.6809
4.7098
4.7098
4.6809
4.6905
4.6135
4.7194
4.5653
4.469
4.4497
4.3823
4.5075
4.469
4.3823
4.3342
4.3727
4.3534
4.286
4.2667
4.363
4.4497
4.5653
4.5268
4.5075
4.5075
4.363
4.3438
4.3245
4.2475
4.286
4.4401
4.546
4.4979
4.5268
4.546
4.4883
4.4305
4.5557
4.652
4.6905
4.7001
4.7579
4.7194
4.7001
4.7387
4.6809
4.7194
4.7098
4.6424
4.6327
4.7098
4.7194
4.7001
4.6713
4.6424
4.6424
4.6231
4.6713
4.6231
4.6424
4.5942
4.5171
4.5268
4.4594
4.4979
4.469
4.5268
4.5268
4.5846
4.546
4.4594
4.3823
4.3727
4.286
4.2378
4.363
4.363
4.3053
4.363
4.3727
4.2667
4.2282
4.1608
4.2378
4.2475
4.2956
4.1897
4.1897
4.2186
4.2186
4.1223
4.1415
4.0934
4.0548
3.92
3.8237
3.8718
4.0067
4.0645
3.9682
3.8815
3.9971
3.9874
3.92
3.9
3.78
3.81
3.75
3.8
3.76
3.63
3.64
3.79
3.82
3.84
3.85
3.79
3.61
3.59
3.58
3.42
3.44
3.33
3.17
3.24
3.39
3.51
3.5
3.29
3.33
3.38
3.49
3.5
3.5
3.43
3.4
3.51
3.44
3.45
3.59
3.65
3.67
3.57
3.6
3.56
3.53
3.51
3.43
3.51
3.35
3.32
3.25
3.3
3.31
3.29
3.28
3.26
3.19
3.21
3.19
3.18
3.19
3.33
3.33
3.26
3.17
3.2
3.23
3.23
3.17
3.14
3.13
3.16
3.16
3.13
3.08
3
3.03
3.05
3.16
3.15
3.18
3.17
3.15
3.2
3.14
3.05
3.06
3.23
3.09
3.07
3.02
2.9
2.78
2.69
2.8
2.84
2.84
2.75
2.64
2.66
2.6
2.57
2.37
2.59
2.75
2.63
2.6
2.55
2.72
2.81
2.89
2.98
2.98
2.98
2.92
2.93
2.88
2.82
2.7
2.62
2.57
2.62
2.76
2.89
2.95
2.83
2.81
2.78
2.67
2.64
2.77
2.75
2.69
2.68
2.69
2.71
2.71
2.68
2.61
2.68
2.67
2.68
2.72
2.7
2.68
2.71
2.8
2.67
2.65
2.57
2.56
2.59
2.57
2.55
2.58
2.56
2.53
2.46
2.49
2.6
2.64
2.63
2.69
2.68
2.68
2.66
2.71
2.75
2.91
2.99
3.03
3.07
3.08
3
3.02
3.07
3.02
3.01
3.04
3.02
2.99
2.97
2.97
2.97
2.96
2.95
2.94
2.94
2.94
2.86
2.84
2.93
2.89
2.89
2.87
2.97
2.97
2.94
2.96
2.96
2.89
2.88
2.93
2.85
2.73
2.67
2.69
2.67
2.71
2.68
2.69
2.55
2.55
2.59
2.68
2.64
2.58
2.57
2.58
2.5
2.53
2.59
2.58
2.68
2.64
2.62
2.64
2.63
2.63
2.56
2.41
2.46
2.54
2.66
2.8
2.82
2.69
2.68
2.67
2.78
2.84
2.95
2.95
2.89
2.85
2.88
2.94
3.03
2.94
2.95
2.99
2.95
3
3.01
3.03
3.02
3.04
3
3.02
3.02
3.03
3.08
3.06
3.17
3.1
3.12
3.14
3.12
3.11
3.09
3.03
3.06
3.03
3.02
2.96
2.95
2.95
3.02
2.97
2.99
2.93
2.89
2.82
2.78
2.65
2.67
2.8
2.79
2.76
2.71
2.61
2.55
2.55
2.58
2.55
2.54
2.56
2.56
2.53
2.41
2.48
2.47
2.5
2.56
2.57
2.6
2.55
2.49
2.46
2.53
2.48
2.5
2.47
2.47
2.42
2.43
2.38
2.42
2.58
2.65
2.62
2.71
2.62
2.55
2.62
2.65
2.65
2.58
2.61
2.56
2.52
2.55
2.59
2.59
2.53
2.48
2.48
2.5
2.48
2.53
2.63
2.66
2.66
2.72
2.61
2.68
2.65
2.57
2.59
2.66
2.73
2.74
2.8
2.73
2.7
2.73
2.75
2.69
2.78
2.84
2.97
2.95
2.95
2.94
2.93
2.85
2.86
2.85
2.87
2.93
2.94
2.88
2.9
2.93
2.92
2.9
2.86
2.85
2.81
2.81
2.76
2.76
2.79
2.87
2.9
2.97
2.93
2.9
2.95
3
2.97
2.97
2.9
2.9
2.83
2.93
2.94
3.01
2.96
2.97
3
2.97
2.92
2.94
3
2.97
2.98
2.97
3
3.09
3.16
3.23
3.18
3.24
3.21
3.17
3.17
3.18
3.12
3.06
3.16
3.15
3.18
3.17
3.13
3.15
3.17
3.2
3.43
3.35
3.36
3.39
3.35
3.35
3.31
3.24
3.34
3.32
3.34
3.27
3.34
3.23
3.14
3.16
3.13
3.12
3.18
3.18
3.25
3.29
3.27
3.33
3.32
3.27
3.36
3.34
3.47
3.42
3.34
3.28
3.29
3.25
3.32
3.32
3.33
3.44
3.41
3.41
3.42
3.3
3.22
3.35
3.42
3.36
3.38
3.44
3.44
3.49
3.5
3.53
3.59
3.59
3.7
3.68
3.68
3.6
3.6
3.65
3.64
3.61
3.59
3.58
3.57
3.46
3.5
3.49
3.6
3.67
3.64
3.59
3.7
3.73
3.78
3.8
3.79
3.76
3.82
3.76
3.77
3.75
3.78
3.77
3.81
3.85
3.87
3.81
3.8
3.84
3.85
3.75
3.7
3.73
3.71
3.71
3.68
3.74
3.98
3.96
3.92
4.06
4.08
4.12
4.02
3.95
3.92
3.94
3.93
3.92
3.84
3.9
3.97
3.98
4
3.94
3.85
3.86
3.89
3.85
3.89
3.83
3.7
3.79
3.79
3.7
3.75
3.75
3.74
3.64
3.48
3.49
3.56
3.61
3.56
3.65
3.7
3.61
3.51
3.42
3.42
3.48
3.44
3.41
3.51
3.48
3.5
3.48
3.46
3.52
3.42
3.35
3.33
3.36
3.25
3.24
3.14
3.11
3.12
3.07
3.05
3.08
3.15
3.24
3.25
3.27
3.23
3.2
3.15
3.08
3.1
3.14
3.1
3.09
3.07
3.24
3.28
3.22
3.24
3.2
3.11
3.08
3.18
3.09
3.05
3.04
3.01
3.05
3.05
3.05
3.04
3.13
3.27
3.23
3.13
3.15
3.21
3.16
3.18
3.26
3.26
3.21
3.21
3.28
3.23
3.14
3.11
3.08
3.13
3.05
3.03
3.08
3.08
3.01
2.89
2.9
2.8
2.77
2.78
2.83
2.89
2.84
2.85
2.83
2.83
2.74
2.78
2.74
2.72
2.65
2.55
2.7
2.69
2.7
2.6
2.59
2.6
2.66
2.64
2.55
2.51
2.55
2.5
2.48
2.46
2.51
2.47
2.43
2.37